23 -50
44 -49
45 -41
46 -26
36 -32
50 -1
42 -12
27 -41
45 14
34 -13
32 -19
31 -18
31 -11
35 22
37 43
31 9
35 40
25 -34
33 49
26 36
25 42
22 25
20 10
19 27
19 12
21 -21
18 10
19 -4
15 39
13 28
14 -3
5 42
3 43
15 -15
14 -15
-2 42
-5 47
-6 46
-8 45
-7 32
7 -7
-1 14
0 10
-17 45
-17 36
-18 38
-15 29
3 -10
-27 49
5 -15
-21 35
-30 50
-28 44
-4 -2
-13 12
-1 -9
-30 36
-4 -7
-32 37
-24 23
-25 24
-32 34
-9 -2
10 -31
-19 11
-44 47
-19 9
-47 42
-44 37
-28 11
-45 30
-18 -3
-20 -1
-30 8
-3 -22
-35 9
9 -37
-1 -28
-43 6
-9 -26
-37 -10
-45 -7
-15 -26
-19 -24
-42 -14
-10 -34
0 -39
-27 -27
-20 -31
-50 -22
-49 -29
-7 -43
-39 -37
-17 -42
-32 -43
-48 -41
-40 -44
0 -48
-22 -49
-38 -49
